{
  "height": 32,
  "width": 470,
  "x": 441.4330139160156,
  "y": 134.27320861816406
}